10
40
0 1 11 6
0 2 13 7
0 9 15 7
0 3 0.86 5.923
0 4 0.069 6.621
0 5 0.578 5.34
0 6 0.451 7.79
0 7 0.976 6.263
0 8 0.635 7.612
1 2 13 7
1 3 0.158 7.084
1 4 0.585 7.708
1 5 0.908 9.424
1 6 0.821 9.24
1 7 0.003 8.237
1 8 0.525 9.328
1 9 0.679 8.287
2 3 15 7
2 4 0.469 6.639
2 5 0.008 5.652
2 6 0.879 7.313
2 7 0.088 5.161
2 8 0.314 7.569
2 9 0.839 8.605
3 4 9 5
3 5 15 8
3 6 0.648 9.123
3 7 0.205 9.123
3 8 0.497 5.004
3 9 0.132 7.886
4 5 13 7
4 6 0.918 7.642
4 7 0.466 9.695
4 8 0.323 5.468
4 9 0.162 5.334
5 6 15 7
5 7 0.526 6.489
5 8 0.398 9.185
5 9 0.607 7.089
6 7 7 4
6 8 5 3
6 9 9 5
7 8 9 5
7 9 1 1
8 9 3 2