20
90
0 1 18.935 6.357
0 2 9.163 3.072
0 19 4.027 1.303
0 3 0 50
0 4 0 50
0 5 0 50
0 6 0 50
0 7 0 50
0 8 0 50
0 9 0 50
0 10 0 50
0 11 0 50
0 12 0 50
0 13 0 50
0 14 0 50
0 15 0 50
0 16 0 50
0 17 0 50
0 18 0 50
1 2 15.794 5.518
1 3 0 50
1 4 0 50
1 5 0 50
1 6 0 50
1 7 0 50
1 8 0 50
1 9 0 50
1 10 0 50
1 11 0 50
1 12 0 50
1 13 0 50
1 14 0 50
1 15 0 50
1 16 0 50
1 17 0 50
1 18 0 50
1 19 0 50
2 3 3.451 1.097
2 4 0 50
2 5 0 50
2 6 0 50
2 7 0 50
2 8 0 50
2 9 0 50
2 10 0 50
2 11 0 50
2 12 0 50
2 13 0 50
2 14 0 50
2 15 0 50
2 16 0 50
2 17 0 50
2 18 0 50
2 19 0 50
3 4 6.749 2.284
3 5 26.557 9.284
3 6 0 50
3 7 0 50
3 8 0 50
3 9 0 50
3 10 0 50
3 11 0 50
3 12 0 50
3 13 0 50
3 14 0 50
3 15 0 50
3 16 0 50
3 17 0 50
3 18 0 50
3 19 0 50
4 5 9.736 3.382
4 6 0 50
4 7 0 50
4 8 0 50
4 9 0 50
4 10 0 50
4 11 0 50
4 12 0 50
4 13 0 50
4 14 0 50
4 15 0 50
4 16 0 50
4 17 0 50
4 18 0 50
4 19 0 50
5 6 4.809 1.511
5 7 0 50
5 8 0 50
5 9 0 50
5 10 0 50
5 11 0 50
5 12 0 50
5 13 0 50
5 14 0 50
5 15 0 50
5 16 0 50
5 17 0 50
5 18 0 50
5 19 0 50
6 7 8.594 3.068
6 8 25.597 8.927
6 9 0 50
6 10 0 50
6 11 0 50
6 12 0 50
6 13 0 50
6 14 0 50
6 15 0 50
6 16 0 50
6 17 0 50
6 18 0 50
6 19 0 50
7 8 8.6 2.989
7 9 0 50
7 10 0 50
7 11 0 50
7 12 0 50
7 13 0 50
7 14 0 50
7 15 0 50
7 16 0 50
7 17 0 50
7 18 0 50
7 19 0 50
8 9 4.453 1.425
8 10 0 50
8 11 0 50
8 12 0 50
8 13 0 50
8 14 0 50
8 15 0 50
8 16 0 50
8 17 0 50
8 18 0 50
8 19 0 50
9 10 14.067 4.883
9 11 2.216 0.772
9 12 1.558 0.538
9 13 0 50
9 14 0 50
9 15 0 50
9 16 0 50
9 17 0 50
9 18 0 50
9 19 0 50
10 11 4.571 1.606
10 12 9.045 3.033
10 13 0 50
10 14 0 50
10 15 0 50
10 16 0 50
10 17 0 50
10 18 0 50
10 19 0 50
11 12 11.92 4.136
11 13 0 50
11 14 0 50
11 15 0 50
11 16 0 50
11 17 0 50
11 18 0 50
11 19 0 50
12 13 3.28 1.091
12 14 0 50
12 15 0 50
12 16 0 50
12 17 0 50
12 18 0 50
12 19 0 50
13 14 6.431 2.167
13 15 10.715 3.802
13 16 1.95 0.652
13 17 0 50
13 18 0 50
13 19 0 50
14 15 2.475 0.84
14 16 13.375 4.666
14 17 0 50
14 18 0 50
14 19 0 50
15 16 8.049 2.816
15 17 0 50
15 18 0 50
15 19 0 50
16 17 3.065 0.977
16 18 0 50
16 19 0 50
17 18 10.367 3.516
17 19 13.765 4.835
18 19 18.793 6.581