20
52.85242947601762
0 1 86.768 17.553
0 2 66.345 39.446
0 3 32.577 81.48
0 4 39.672 36.157
0 5 77.25 93.693
0 6 37.941 1.298
0 7 84.495 88.202
0 8 88.261 61.812
0 9 91.758 29.006
0 10 24.661 41.825
0 11 1.312 21.654
0 12 51.2 89.769
0 13 96.018 43.562
0 14 34.413 43.81
0 15 26.47 61.729
0 16 58.109 69.047
0 17 65.179 5.052
0 18 68.935 34.275
0 19 87.503 45.178
1 2 58.275 91.816
1 3 13.323 10.354
1 4 90.827 56.483
1 5 44.168 17.03
1 6 64.08 72.698
1 7 45.676 62.474
1 8 63.783 82.34
1 9 2.692 26.501
1 10 65.773 19.44
1 11 57.969 43.929
1 12 11.625 65.347
1 13 0.265 41.15
1 14 79.58 89.976
1 15 0.023 8.958
1 16 80.944 80.23
1 17 88.273 84.06
1 18 67.015 27.082
1 19 59.92 53.519
2 3 44.124 16.657
2 4 14.969 33.308
2 5 44.349 14.211
2 6 47.155 49.565
2 7 19.591 35.345
2 8 32.815 61.734
2 9 91.164 66.106
2 10 99.642 87.634
2 11 77.074 98.043
2 12 58.27 94.545
2 13 7.995 65.42
2 14 99.585 25.397
2 15 27.843 49.613
2 16 2.301 67.412
2 17 55.963 94.888
2 18 79.601 90.216
2 19 53.431 22.787
3 4 18.059 35.822
3 5 6.456 73.973
3 6 59.674 12.318
3 7 63.055 54.189
3 8 43.742 94.824
3 9 43.063 68.492
3 10 24.26 31.372
3 11 5.041 67.595
3 12 27.453 68.273
3 13 83.692 87.332
3 14 28.864 36.727
3 15 72.538 12.291
3 16 77.913 28.687
3 17 28.679 61.027
3 18 15.237 43.211
3 19 75.816 34.125
4 5 68.723 25.708
4 6 15.521 14.376
4 7 27.753 37.102
4 8 97.401 6.093
4 9 96.889 4.521
4 10 58.912 83.613
4 11 53.994 74.41
4 12 36.021 10.069
4 13 74.201 74.027
4 14 67.188 89.426
4 15 46.128 3.146
4 16 49.43 36.282
4 17 74.676 48.675
4 18 23.935 85.092
4 19 2.994 2.464
5 6 4.428 25.3
5 7 59.093 27.038
5 8 28.65 11.719
5 9 6.31 40.029
5 10 76.49 9.13
5 11 64.493 23.586
5 12 43.82 60.407
5 13 85.482 62.078
5 14 17.537 39.543
5 15 24.08 12.921
5 16 2.094 84.192
5 17 94.689 8.612
5 18 91.37 97.133
5 19 19.935 87.584
6 7 71.661 64.926
6 8 87.528 85.079
6 9 82.014 6.54
6 10 93.032 79.929
6 11 85.093 34.575
6 12 79.067 87.862
6 13 17.035 69.628
6 14 28.22 84.303
6 15 42.808 89.991
6 16 50.485 78.108
6 17 26.788 73.553
6 18 89.911 14.288
6 19 34.714 16.147
7 8 34.308 84.532
7 9 58.369 40.761
7 10 42.32 0.214
7 11 13.447 24.779
7 12 39.284 28.351
7 13 42.064 53.961
7 14 62.482 82.417
7 15 48.939 53.511
7 16 70.062 18.164
7 17 66.16 78.307
7 18 86.93 44.704
7 19 64.256 16.398
8 9 83.147 51.299
8 10 10.463 61.313
8 11 7.92 28.791
8 12 40.426 3.753
8 13 71.745 3.404
8 14 12.988 80.62
8 15 78.553 70.208
8 16 16.507 79.504
8 17 41.995 14.126
8 18 30.173 27.326
8 19 84.994 88.857
9 10 28.612 53.338
9 11 16.529 50.33
9 12 97.899 3.47
9 13 37.833 45.992
9 14 28.071 9.437
9 15 4.046 84.912
9 16 79.437 71.044
9 17 21.296 1.568
9 18 98.53 93.099
9 19 24.063 67.278
10 11 62.381 47.516
10 12 37.991 35.49
10 13 97.944 49.886
10 14 34.581 37.761
10 15 11.896 87.575
10 16 27.779 65.489
10 17 75.108 86.3
10 18 94.739 67.767
10 19 80.723 20.534
11 12 55.499 46.945
11 13 8.291 26.822
11 14 39.772 60.822
11 15 35.237 54.806
11 16 65.952 59.927
11 17 31.779 83.674
11 18 21.66 70.893
11 19 92.287 47.653
12 13 78.54 52.673
12 14 71.466 64.341
12 15 62.135 79.732
12 16 12.224 94.302
12 17 22.715 65.632
12 18 85.638 49.8
12 19 57.888 58.459
13 14 34.543 11.064
13 15 95.727 41.287
13 16 96.463 59.311
13 17 15.095 96.076
13 18 59.14 35.124
13 19 48.274 43.393
14 15 48.746 48.217
14 16 99.42 12.811
14 17 97.99 77.196
14 18 5.211 22.897
14 19 64.624 87.833
15 16 85.444 69.291
15 17 22.74 69.793
15 18 87.075 17.557
15 19 1.158 16.19
16 17 38.897 36.297
16 18 98.21 14.137
16 19 21.75 41.318
17 18 68.384 34.11
17 19 18.359 74.835
18 19 47.123 60.131
