10
40
0 1 15 5
0 2 12 4.5
0 3 9 3.5
0 4 7.072 0.152
0 5 0.018 0.329
0 6 4.145 2.498
0 7 0.182 0.876
0 8 9.554 1.449
0 9 3.568 4.021
1 2 0 20
1 3 10.5 4
1 4 8.933 4.149
1 5 9.898 1.709
1 6 9.456 4.473
1 7 5.572 1.424
1 8 4.964 2.671
1 9 4.317 3.487
2 3 11 5
2 4 0.78 0.907
2 5 9.872 3.348
2 6 5.605 4.656
2 7 6.208 0.279
2 8 6.775 2.036
2 9 0.037 3.557
3 4 2.912 4.484
3 5 9.928 0.523
3 6 0.452 3.303
3 7 8.281 0.902
3 8 2.316 4.99
3 9 5.593 4.506
4 5 1.923 3.84
4 6 3.952 2.996
4 7 7.14 0.393
4 8 7.532 1.28
4 9 8.645 2.914
5 6 1.749 4.117
5 7 8.068 2.136
5 8 6.489 4.787
5 9 9.679 0.47
6 7 2.111 0.472
6 8 3.284 4.599
6 9 4.56 2.411
7 8 3.005 0.018
7 9 1.942 4.762
8 9 2.34 0.576